11 11
1 4
5 1 1 1 1 1 1 1 1 1 6
3 16 16 16 16 16 16 16 16 16 4 
3 16 16 16 16 16 16 16 16 16 4 
3 16 16 16 16 16 16 16 16 16 4 
11 16 16 16 16 16 16 16 16 16 9 
11 16 16 16 16 16 16 16 16 16 9 
3 16 16 16 16 16 16 16 16 16 4 
3 16 16 16 16 16 16 16 16 16 4 
3 16 16 16 16 16 16 16 16 16 4 
3 16 16 16 16 16 16 16 16 16 4 
7 2 2 2 2 2 2 2 2 2 8

0 0 0 0 0 0 0 0 0 0 0
0 0 0 0 0 0 0 0 0 0 0
0 0 0 0 0 0 0 0 0 0 0
0 0 0 0 0 0 0 0 0 0 0
0 0 0 0 0 0 0 0 0 0 0
0 0 0 0 0 0 0 0 0 0 0
0 0 0 0 0 0 0 0 0 0 0
0 0 0 0 0 0 0 0 0 0 0
0 0 0 0 0 0 0 0 0 0 0
0 0 0 0 0 0 0 0 0 0 0
0 0 0 0 0 0 0 0 0 0 0

0 0 0 0 0 0 0 0 0 0 0
0 0 0 0 0 0 0 0 0 0 0
0 0 0 0 0 0 0 0 0 0 0
0 0 0 0 0 0 0 0 0 0 0
0 2 0 0 0 0 0 0 0 2 0
0 2 0 0 0 0 0 0 0 2 0
0 0 0 0 0 0 0 0 0 0 0
0 0 0 0 0 0 0 0 0 0 0
0 0 0 0 0 0 0 0 0 0 0
0 0 0 0 0 0 0 0 0 0 0
0 0 0 0 0 0 0 0 0 0 0

11 13 11 13

0 0 0 0 0 0 0 0 0 0 0
0 0 0 0 0 0 0 0 0 0 0
0 0 0 0 0 0 0 0 0 0 0
0 0 0 0 0 0 0 0 0 0 0
0 0 0 0 0 0 0 0 0 0 0
0 0 0 0 0 0 0 0 0 0 0
0 0 0 0 0 0 0 0 0 0 0
0 0 0 0 0 0 0 0 0 0 0
0 0 0 0 0 0 0 0 0 0 0
0 0 0 0 0 0 0 0 0 0 0
0 0 0 0 0 0 0 0 0 0 0