15 7
3 13
5 1 1 12 12 1 6
3 16 16 16 16 16 4
11 16 16 16 16 16 4
3 16 16 16 16 16 9
11 16 16 16 16 16 4
3 16 16 16 16 16 9
11 16 16 16 16 16 4
3 16 16 16 16 16 4
3 16 16 16 16 16 4
14 16 16 16 16 16 14
14 16 16 16 16 16 14
14 16 16 16 16 16 14
14 16 16 16 16 16 14
14 16 16 16 16 16 14
7 13 13 10 10 13 8

0 0 0 0 0 0 0
0 4 0 0 0 5 0
0 0 0 0 0 12 0
0 0 0 0 0 0 0
0 0 0 0 0 0 0
0 0 0 0 0 0 0
0 0 0 0 0 28 0
0 0 0 0 0 27 0
0 8 0 0 0 0 0
0 0 0 0 0 0 0
0 0 0 0 0 0 0
0 4 0 0 0 5 0
0 4 0 0 0 5 0
0 4 0 0 0 5 0
0 0 0 0 0 0 0

0 0 0 0 0 0 0
0 0 0 0 0 0 0
0 2 0 0 0 0 0
0 0 0 0 0 0 0
0 0 0 0 0 0 0
0 0 0 0 0 0 0
0 0 0 0 0 0 0
0 0 0 0 0 0 0
0 0 0 0 0 0 0
0 0 0 0 0 0 0
0 1 0 0 0 1 0
0 0 0 0 0 0 0
0 0 0 0 0 0 0
0 0 0 2 2 0 0
0 0 0 0 0 0 0

16 5 5

0 0 0 0 0 0 0
0 0 6 6 0 0 0
0 0 0 0 0 0 0
0 0 11 0 11 0 0
0 0 0 0 0 0 0
0 11 0 0 0 0 0
0 0 0 5 0 0 0
0 0 4 0 6 0 0
0 0 0 0 0 0 0
0 0 0 4 0 0 0
0 3 0 1 0 3 0
0 0 0 2 0 0 0
0 0 0 0 0 0 0
0 0 0 0 0 0 0
0 0 0 0 0 0 0