10 6
2 9
5 14 12 12 14 6
3 16 15 15 16 4
3 16 15 15 16 4
3 16 15 15 16 4
3 16 15 15 16 4
3 16 15 15 16 4
3 16 15 15 16 4
3 16 15 15 16 4
3 16 15 15 16 4
7 14 12 12 14 8

0 0 0 0 0 0
0 0 0 0 0 0
0 0 0 0 0 0
0 0 0 0 0 0
0 0 0 0 0 0
0 0 0 0 0 0
0 0 0 0 0 0
0 0 0 0 0 0
0 0 0 0 0 0
0 0 0 0 0 0

0 0 0 0 0 0
0 0 0 0 0 0
0 0 0 0 0 0
0 0 0 0 0 0
0 0 0 0 0 0
0 0 0 0 0 0
0 0 0 0 0 0
0 0 0 0 0 0
0 0 2 2 0 0
0 0 0 0 0 0

3 3

0 0 0 0 0 0
0 0 0 0 0 0
0 0 0 0 0 0
0 0 0 0 0 0
0 0 0 0 0 0
0 0 0 0 0 0
0 0 0 0 0 0
0 0 0 0 0 0
0 0 0 0 0 0
0 0 0 0 0 0