11 7

5 14 14 12 12 14 6
3 16 16 16 16 16 4
11 15 15 16 16 16 4
11 15 15 16 16 16 4
3 16 16 17 18 18 4
3 16 16 17 18 18 4
3 16 16 16 16 16 4
3 16 16 16 16 16 4
3 16 16 16 16 16 4
3 16 16 16 16 16 4
7 13 13 13 13 13 8

0 0 0 0 0 0 0
0 0 0 0 0 0 0
0 0 0 0 0 0 0
0 0 0 0 0 0 0
0 0 5 0 0 0 0
0 0 4 0 0 0 0
0 0 0 30 30 30 0
0 0 0 0 31 32 0
0 0 0 0 0 0 0
0 13 0 0 0 0 0
0 0 0 0 0 0 0

0 0 0 0 0 0 0
0 0 0 2 2 0 0
0 2 0 0 0 0 0
0 2 0 0 0 0 0
0 0 0 0 2 2 0
0 0 0 0 0 0 0
0 0 0 0 0 0 0
0 0 0 0 0 0 0
0 0 0 0 0 0 0
0 0 0 0 0 0 0
0 0 0 0 0 0 0

15 3 13
15 4 13
13 9 4
13 9 5
3 7 8
3 8 8

0 0 0 0 0 0 0
0 5 6 0 0 1 0
0 0 0 0 0 0 0
0 0 0 0 0 0 0
0 4 0 0 0 0 0
0 0 0 0 0 0 0
0 0 0 0 0 0 0
0 0 0 0 0 0 0
0 0 0 2 0 0 0
0 0 0 3 0 1 0
0 0 0 0 0 0 0