10 8
6 8

5 1 1 1 1 1 1 6
3 0 0 0 0 0 0 4
3 0 0 0 0 0 0 4
3 0 0 0 0 0 0 4
3 0 0 0 0 0 0 9
3 0 0 0 0 0 0 9
3 0 0 0 0 0 0 4
3 0 0 0 0 0 0 4
3 0 0 0 0 0 0 4
7 2 2 2 2 2 2 8

0 0 0 0 0 0 0 0
0 0 0 0 1 0 12 0
0 3 3 0 1 0 0 0
0 0 0 0 1 0 0 0
0 3 3 0 1 0 0 0
0 0 0 0 1 0 0 0
0 3 3 0 0 0 0 0
0 0 0 0 1 0 0 0
0 0 2 0 1 0 0 0
0 0 0 0 0 0 0 0

0 0 0 0 0 0 0 0
0 1 1 0 0 0 0 0
0 0 0 0 0 0 0 0
0 1 1 0 0 0 0 0
0 0 0 0 0 0 2 0
0 1 1 0 0 0 2 0
0 0 0 0 0 0 0 0
0 0 0 0 0 0 0 0
0 0 0 0 0 0 0 0
0 0 0 0 0 0 0 0

2 1 10
2 1 11

0 0 0 0 0 0 0 0
0 1 7 0 0 0 0 0
0 0 0 0 0 0 0 0
0 1 2 0 0 0 0 0
0 0 0 0 0 0 0 0
0 1 1 0 0 0 0 0
0 0 0 0 0 0 0 0
0 0 0 0 0 0 0 0
0 1 0 0 0 0 0 0
0 0 0 0 0 0 0 0