10 6

5 14 12 12 14 6
3 16 15 15 16 4
3 16 15 15 16 4
3 16 15 15 16 4
3 16 15 15 16 4
3 16 15 15 16 4
3 16 15 15 16 4
3 16 15 15 16 4
3 16 15 15 16 4
7 14 12 12 14 8

0 0 0 0 0 0
0 5 0 0 5 0
0 0 0 0 4 0
0 0 0 0 0 0
0 14 0 0 0 0
0 12 0 0 0 0
0 13 0 0 0 0
0 0 0 0 0 0
0 2 0 0 2 0
0 0 0 0 0 0

0 0 0 0 0 0
0 0 0 0 0 0
0 0 0 0 0 0
0 0 0 0 0 0
0 0 0 0 0 0
0 0 0 0 0 0
0 0 0 0 0 0
0 0 0 0 0 0
0 0 2 2 0 0
0 0 0 0 0 0

3 5 1
3 6 1

0 0 1 13 0 0
0 0 0 0 0 0
0 0 4 0 0 0
0 0 6 0 0 0
0 0 0 2 0 0
0 0 0 0 0 0
0 0 0 5 0 0
0 0 4 0 0 0
0 0 0 0 0 0
0 0 0 0 0 0